5000 -610 -590 -539
10000 -549 -547 -544
15000 -570 -495 -440
20000 -197 -164 -141
25000 -480 -469 -434
30000 -532 -405 -299
35000 -415 -394 -367
40000 -198 -182 -165
45000 -250 -211 -158
50000 -826 -548 -251
55000 -292 -264 -199
60000 -321 -273 -247
65000 -86 24 169
70000 -207 -176 -163
75000 -417 -392 -207
80000 -146 -124 -99
85000 -301 -245 -152
90000 -328 -216 -159
95000 -369 -245 -188
100000 -185 -174 -165
105000 -244 70 285
110000 -178 -139 -110
115000 -208 7 62
120000 -285 -275 -254
125000 -764 -518 -134
130000 -331 -328 -325
135000 -193 -187 -171
140000 -350 -307 -287
145000 -251 -201 -166
150000 -233 -228 -224
155000 -268 -251 -230
160000 -382 -248 -125
165000 -197 -124 187
170000 -198 -183 -177
175000 -247 -231 -225
180000 -330 -233 -215
185000 -200 -186 -180
190000 -250 -242 -238
195000 -320 -277 -199
200000 -171 -164 -161
205000 -176 -170 -156
210000 -269 -255 -199
215000 -20 97 224
220000 -160 -156 -150
225000 -292 -274 -251
230000 -273 -219 -197
235000 -362 -330 -289
240000 -218 -171 -80
245000 -180 -168 -104
250000 -148 -145 -141
255000 -320 -311 -301
260000 -295 -222 -195
265000 -193 -185 -173
270000 -147 -136 -129
275000 -150 -147 -144
280000 -212 -207 -204
285000 -437 -317 -185
290000 -189 -173 -166
295000 -283 -199 -179
300000 -447 -440 -417
