5000 96 155 247
10000 -584 -582 -581
15000 -321 -320 -318
20000 -823 -501 -306
25000 -161 -148 -138
30000 -720 -262 -33
35000 -56 -39 -6
40000 -2 9 16
45000 -14 30 84
50000 -333 -105 122
55000 82 127 194
60000 27 46 63
65000 -235 -86 142
70000 285 947 1367
75000 1625 1694 1738
80000 1745 1880 1980
85000 2023 2058 2126
90000 2158 2161 2166
95000 2244 2348 2448
100000 2444 2590 2760
105000 2469 2606 2799
110000 2550 2627 2695
115000 1911 2027 2128
120000 2512 2572 2605
125000 2300 2510 2647
130000 456 1011 1621
135000 2902 2921 2957
140000 1632 1679 1716
145000 2808 2873 2907
150000 2739 2802 2918
155000 2640 2763 2880
160000 2892 2926 2986
165000 2704 2765 2820
170000 -48 194 602
175000 274 820 1229
180000 2869 2905 2976
185000 3194 3279 3433
190000 3298 3339 3396
195000 308 1165 2577
200000 3036 3155 3228
205000 3239 3307 3374
210000 3235 3298 3383
215000 3319 3367 3396
220000 2965 3076 3134
225000 3431 3478 3524
230000 3225 3332 3463
235000 3338 3354 3363
240000 3403 3460 3521
245000 1047 1462 2107
250000 227 898 2008
255000 77 968 2728
260000 2821 2954 3133
265000 2242 2328 2425
270000 3314 3473 3563
275000 3283 3344 3390
280000 3113 3204 3265
285000 3305 3337 3369
290000 23 144 336
295000 2611 3192 3537
300000 3670 3704 3760
305000 3489 3567 3610
310000 3666 3704 3735
315000 405 449 502
320000 -484 172 925
325000 3164 3198 3217
330000 3660 3669 3680
335000 3521 3535 3548
340000 3416 3457 3497
345000 2902 3309 3835
350000 3688 3714 3761
355000 3174 3219 3276
360000 3327 3388 3460
365000 1820 3011 3607
370000 3393 3509 3697
375000 3598 3644 3684
380000 3351 3488 3573
385000 3637 3682 3709
390000 3028 3102 3140
395000 3561 3630 3723
400000 3659 3683 3725
405000 3839 3906 3959
410000 3704 3742 3775
415000 2815 2850 2896
420000 3466 3516 3605
425000 1559 3042 3811
430000 3679 3748 3844
435000 3354 3445 3498
440000 3600 3648 3721
445000 3277 3321 3389
450000 3588 3602 3629
455000 3664 3708 3740
460000 2953 3060 3177
465000 3737 3784 3818
470000 3223 3567 3742
475000 3650 3759 3824
480000 3813 3883 3995
485000 3772 3807 3853
490000 3193 3313 3396
495000 3759 3820 3915
500000 3972 3991 4025
505000 3821 3906 3956
510000 3995 4044 4125
515000 4004 4038 4077
520000 3883 3937 3995
525000 861 2965 4038
530000 3859 3883 3905
535000 3831 3925 4043
540000 1889 3208 3923
545000 3925 3942 3967
550000 3767 3796 3839
555000 3744 3771 3803
560000 2527 2591 2681
565000 3861 3911 3950
570000 3914 4016 4092
575000 3492 3638 3732
580000 3865 3946 4052
585000 3788 3877 3973
590000 3824 3853 3871
595000 3799 3888 4023
600000 3954 4015 4051
605000 -232 2020 3716
610000 2678 2817 2956
615000 4113 4150 4200
620000 3868 3912 3959
625000 3624 3699 3783
630000 3687 3748 3782
635000 3780 3808 3833
640000 3891 3979 4057
645000 3769 3878 4011
650000 3542 3626 3777
655000 21 1628 2465
660000 1434 2731 3949
665000 3694 3742 3785
670000 3692 3787 3910
675000 3861 3895 3931
680000 3614 3653 3699
685000 4029 4073 4124
690000 3785 3860 3900
695000 1283 3075 4009
700000 3776 3928 4031
705000 3855 3858 3863
710000 3378 3406 3436
715000 3713 3777 3874
720000 3779 3847 3931
725000 3696 3750 3788
730000 1461 3041 3867
735000 3826 3889 3971
740000 3784 3808 3825
745000 4000 4023 4044
750000 3734 3861 4002
755000 3773 3804 3842
760000 2326 3526 4181
765000 4149 4177 4193
770000 3972 3989 3999
775000 3776 3831 3867
780000 4005 4057 4134
785000 4035 4061 4099
790000 1313 3108 4082
795000 4135 4155 4190
800000 4188 4220 4247
805000 4169 4301 4411
810000 4030 4128 4181
815000 3467 3493 3510
820000 3935 4010 4094
825000 4064 4102 4169
830000 3422 3491 3527
835000 4095 4107 4123
840000 4005 4015 4021
845000 3607 3731 3821
850000 3823 3864 3900
855000 4207 4243 4264
860000 4117 4197 4240
865000 1805 2625 3224
870000 3867 3916 3965
875000 3920 3955 4015
880000 3369 3420 3465
885000 3738 3787 3843
890000 3995 4012 4032
895000 4001 4084 4226
900000 3966 3988 4026
905000 4163 4218 4262
910000 3959 4011 4061
915000 4082 4102 4123
920000 3993 4050 4099
925000 3873 3906 3922
930000 4168 4194 4242
935000 4153 4243 4329
940000 3699 3736 3764
945000 4027 4062 4085
950000 3833 3865 3896
955000 3898 4002 4102
960000 3430 3466 3509
965000 4045 4215 4341
970000 4037 4087 4137
975000 3729 3752 3773
980000 3842 3857 3878
985000 3588 3659 3715
990000 3483 3540 3592
995000 3924 3991 4057
1000000 2099 2111 2134
